tensor([[[[[5.5174e-03, 1.1970e-02, 8.1629e-03, 9.8162e-03, 8.6882e-03,
            9.1809e-03, 6.7894e-03, 8.4161e-03, 1.1937e-02, 1.8054e-02,
            7.7427e-03, 7.7222e-03, 1.2841e-02, 7.9842e-03, 1.2014e-02,
            6.4076e-03, 1.0435e-02, 1.4909e-02, 9.7356e-03, 9.6830e-03,
            6.9052e-03, 7.0170e-03],
           [9.9933e-03, 4.3920e-03, 7.5683e-03, 3.7589e-03, 1.3898e-02,
            2.8439e-03, 6.3542e-03, 4.9930e-03, 6.4280e-03, 1.1016e-02,
            2.9717e-02, 2.8299e-03, 2.4658e-02, 8.8350e-03, 9.5004e-03,
            4.2398e-03, 1.7690e-02, 9.4172e-03, 2.9983e-03, 7.8179e-03,
            6.0901e-03, 9.3887e-03],
           [5.7579e-03, 4.6673e-03, 6.3816e-03, 9.9475e-03, 4.5199e-03,
            8.1698e-03, 5.9006e-03, 4.7895e-03, 7.8170e-03, 1.5453e-02,
            9.3666e-03, 1.2586e-02, 1.1316e-02, 1.9732e-02, 8.0480e-03,
            1.0062e-02, 6.9783e-03, 8.4286e-03, 1.0552e-02, 8.6021e-03,
            8.7253e-03, 5.2244e-03],
           [4.4430e-03, 6.2297e-03, 7.6698e-03, 7.5171e-03, 7.0915e-03,
            8.4753e-03, 9.5793e-03, 4.4469e-03, 1.2221e-02, 1.8910e-02,
            8.4728e-03, 1.7680e-02, 1.3978e-02, 7.2916e-03, 1.2427e-02,
            2.4163e-02, 4.8101e-03, 4.7169e-03, 6.4528e-03, 6.8081e-03,
            8.6517e-03, 3.2379e-03],
           [7.7894e-03, 8.6904e-03, 5.4574e-03, 5.6734e-03, 6.3251e-03,
            9.4149e-03, 6.1743e-03, 6.7035e-03, 3.2018e-03, 2.0484e-03,
            8.1242e-03, 6.8125e-03, 1.9861e-02, 1.1490e-02, 5.8170e-03,
            8.2061e-03, 6.5673e-03, 4.4986e-03, 1.8155e-02, 4.7258e-03,
            7.8962e-03, 7.6908e-03]],

          [[8.2127e-03, 4.5163e-02, 7.4438e-03, 9.8066e-03, 3.2897e-03,
            2.4139e-03, 1.0849e-02, 4.4004e-03, 9.4773e-03, 3.2066e-03,
            2.6577e-03, 5.4957e-03, 4.1002e-03, 3.2707e-03, 1.9702e-02,
            5.3565e-03, 5.7555e-03, 4.1864e-02, 5.3111e-03, 1.4269e-02,
            6.4855e-03, 1.1268e-02],
           [4.3406e-02, 9.9957e-03, 3.6942e-02, 2.1057e-03, 1.5508e-02,
            1.0675e-03, 5.6441e-03, 5.7599e-03, 1.7496e-03, 1.4233e-03,
            5.3127e-03, 7.4994e-04, 1.2160e-02, 6.4265e-03, 2.4147e-02,
            2.0654e-03, 6.4532e-02, 5.7781e-03, 1.0950e-03, 3.3526e-03,
            7.0257e-03, 6.4141e-03],
           [1.7077e-02, 7.8834e-03, 6.6309e-03, 1.0356e-02, 4.1318e-03,
            1.3234e-02, 2.5716e-03, 2.0881e-03, 3.0709e-03, 2.0157e-03,
            1.5129e-03, 1.0993e-03, 1.3797e-03, 1.0066e-02, 3.2488e-03,
            3.5006e-03, 4.1504e-03, 4.8891e-03, 3.6316e-03, 5.1200e-03,
            5.3951e-03, 8.9166e-03],
           [1.0213e-02, 1.0421e-02, 1.8851e-02, 1.1438e-02, 1.4516e-02,
            3.7487e-02, 1.9930e-03, 4.6492e-03, 6.2363e-03, 2.8510e-03,
            5.0229e-04, 9.1811e-03, 3.8793e-03, 9.4938e-03, 2.7116e-02,
            1.5698e-02, 4.4953e-03, 1.5232e-03, 4.5179e-03, 3.5777e-03,
            9.8583e-03, 3.6553e-03],
           [1.6039e-02, 4.0386e-03, 4.2843e-03, 3.7466e-03, 5.4962e-03,
            3.4152e-03, 7.0960e-03, 3.8209e-03, 2.3666e-03, 4.0306e-04,
            8.3153e-04, 8.2878e-04, 5.3744e-03, 8.5330e-03, 2.3596e-03,
            8.2135e-03, 9.4897e-03, 2.1002e-03, 3.1699e-02, 2.5390e-03,
            6.4485e-03, 1.0821e-02]],

          [[9.2291e-03, 2.3184e-02, 5.8735e-03, 2.0877e-03, 2.2118e-03,
            1.0226e-03, 1.2430e-03, 7.9182e-04, 1.1651e-03, 2.4592e-02,
            1.9260e-03, 1.6313e-03, 2.2240e-03, 2.2818e-03, 3.0070e-03,
            1.5317e-03, 1.4533e-03, 6.7717e-04, 1.9037e-04, 8.2533e-04,
            8.2808e-04, 5.4073e-04],
           [1.6667e-02, 2.7439e-03, 3.6694e-03, 2.4458e-05, 3.6552e-03,
            7.3871e-04, 1.1871e-02, 6.9527e-03, 2.7656e-03, 3.1923e-03,
            6.1868e-03, 4.8528e-04, 6.1146e-04, 8.5505e-04, 1.0779e-02,
            2.5952e-03, 1.2291e-01, 3.2345e-04, 3.7554e-03, 1.8655e-02,
            8.4511e-03, 3.0798e-03],
           [5.6246e-04, 1.2043e-03, 8.0537e-04, 1.2563e-03, 2.4485e-04,
            2.1506e-03, 2.6354e-03, 1.6204e-03, 1.5871e-02, 4.2812e-03,
            9.0117e-04, 1.9469e-04, 2.3557e-03, 1.2115e-02, 5.3882e-03,
            2.4484e-02, 3.5327e-03, 1.5292e-03, 1.0244e-03, 2.6629e-03,
            4.6645e-03, 1.0861e-02],
           [7.9836e-04, 3.0940e-04, 1.1207e-03, 7.8284e-04, 4.9097e-03,
            4.4362e-03, 1.3858e-03, 1.1176e-03, 7.4707e-02, 2.7821e-04,
            2.6995e-04, 3.0799e-03, 6.1232e-04, 1.0766e-02, 2.8508e-01,
            4.2510e-02, 1.5609e-03, 6.3412e-04, 5.5913e-03, 5.9626e-04,
            8.4844e-03, 7.3246e-03],
           [1.5250e-02, 5.7471e-03, 4.1914e-03, 2.5196e-03, 7.0010e-03,
            1.3785e-03, 3.3941e-03, 4.1487e-04, 7.3808e-03, 4.2888e-04,
            2.9594e-04, 5.1472e-03, 1.8632e-03, 3.5359e-02, 6.4249e-03,
            7.4751e-03, 3.5447e-03, 1.1229e-03, 1.5398e-03, 6.5209e-05,
            7.4664e-04, 1.0766e-03]],

          [[1.5117e-03, 2.7676e-03, 2.7978e-03, 5.7903e-03, 4.8533e-03,
            6.4205e-03, 8.3184e-03, 1.0040e-02, 1.2058e-02, 1.0625e-02,
            7.2317e-03, 7.3524e-03, 1.0423e-02, 4.5095e-03, 1.8902e-02,
            9.8226e-03, 1.1254e-02, 2.3851e-02, 1.6145e-02, 9.7819e-03,
            1.2867e-02, 1.4153e-02],
           [3.4016e-03, 2.6335e-03, 5.2059e-03, 4.8325e-03, 5.2170e-02,
            3.2968e-03, 3.3011e-03, 1.6689e-03, 2.2473e-03, 2.5143e-03,
            1.3745e-02, 1.4179e-03, 1.2148e-02, 5.8582e-03, 9.5271e-03,
            9.0488e-03, 2.6692e-02, 4.2496e-03, 3.8788e-03, 9.4770e-03,
            4.5911e-03, 1.7627e-02],
           [1.6699e-02, 1.6058e-02, 2.2803e-02, 3.7015e-02, 1.3677e-02,
            1.2781e-02, 6.7230e-03, 2.8243e-03, 2.5240e-03, 4.1943e-03,
            5.1520e-03, 5.0852e-03, 2.6516e-03, 4.0368e-03, 1.7652e-03,
            4.1183e-03, 2.7060e-03, 2.9917e-03, 3.4308e-03, 1.8875e-03,
            2.1183e-03, 1.7449e-03],
           [1.2931e-02, 1.8612e-02, 2.6368e-02, 3.3932e-02, 3.2849e-02,
            2.9363e-02, 1.0499e-02, 2.8521e-03, 7.4511e-03, 1.0241e-02,
            3.7617e-03, 4.3974e-03, 6.6212e-03, 1.5566e-03, 4.2173e-03,
            1.7952e-02, 4.5897e-03, 2.0196e-03, 2.5796e-03, 1.7566e-03,
            2.5224e-03, 9.4186e-04],
           [1.6232e-02, 8.2702e-03, 4.9733e-03, 3.9564e-03, 5.9403e-03,
            9.0360e-03, 4.0011e-03, 2.6944e-03, 2.0403e-03, 1.2519e-03,
            4.6396e-03, 1.8450e-03, 3.6065e-03, 8.4511e-03, 2.6019e-03,
            2.8329e-03, 7.7540e-03, 7.6578e-03, 2.3639e-02, 5.3029e-03,
            9.2494e-03, 1.0536e-02]]]],



        [[[[8.6459e-03, 1.2054e-02, 8.9737e-03, 8.4795e-03, 6.7683e-03,
            5.4599e-03, 5.2481e-03, 6.8974e-03, 9.5451e-03, 1.9213e-02,
            1.0127e-02, 9.0295e-03, 1.8109e-02, 1.2077e-02, 9.5375e-03,
            6.3729e-03, 7.2193e-03, 7.2886e-03, 5.7509e-03, 7.6596e-03,
            6.2166e-03, 4.6738e-03],
           [1.5569e-02, 1.0564e-02, 1.0222e-02, 3.3554e-03, 1.6778e-02,
            2.7344e-03, 5.1964e-03, 5.0048e-03, 5.4736e-03, 9.6262e-03,
            1.5653e-02, 4.2898e-03, 1.0396e-02, 8.5281e-03, 8.7968e-03,
            5.9155e-03, 1.8488e-02, 4.2813e-03, 4.2051e-03, 1.2417e-02,
            7.7056e-03, 1.1413e-02],
           [6.0779e-03, 6.3712e-03, 7.0724e-03, 9.0328e-03, 4.3729e-03,
            6.3874e-03, 6.7088e-03, 4.3465e-03, 8.3991e-03, 1.1537e-02,
            1.1937e-02, 1.2366e-02, 1.8836e-02, 2.3742e-02, 8.6367e-03,
            1.2218e-02, 4.7404e-03, 4.4727e-03, 6.2932e-03, 6.9644e-03,
            6.8702e-03, 6.8236e-03],
           [6.3430e-03, 1.0205e-02, 8.6310e-03, 6.8689e-03, 8.0840e-03,
            8.5423e-03, 8.9162e-03, 4.9103e-03, 1.6374e-02, 9.7791e-03,
            8.2752e-03, 2.0820e-02, 1.5231e-02, 9.3043e-03, 1.6445e-02,
            1.7221e-02, 2.8593e-03, 2.9084e-03, 5.5350e-03, 4.8715e-03,
            7.9108e-03, 5.3926e-03],
           [2.6426e-02, 1.3336e-02, 9.1126e-03, 6.6668e-03, 7.1539e-03,
            7.1817e-03, 4.9109e-03, 4.0136e-03, 2.8297e-03, 2.5835e-03,
            9.3954e-03, 1.3853e-02, 1.5378e-02, 2.1609e-02, 7.9487e-03,
            5.6995e-03, 5.9361e-03, 5.5583e-03, 1.1265e-02, 3.3391e-03,
            6.1394e-03, 3.9656e-03]],

          [[3.3298e-04, 2.9993e-03, 6.1173e-04, 9.2567e-04, 6.5346e-04,
            8.4287e-04, 2.6696e-03, 4.6621e-03, 4.2882e-03, 8.0575e-04,
            2.3594e-04, 7.3416e-04, 7.0673e-04, 1.6153e-04, 1.4215e-02,
            1.2824e-03, 4.8016e-03, 1.6574e-01, 2.4400e-02, 1.1690e-02,
            5.9359e-03, 1.1557e-02],
           [3.7576e-03, 3.8729e-04, 1.3053e-03, 3.9989e-04, 1.4836e-02,
            1.0072e-04, 6.1819e-04, 4.7162e-04, 4.8804e-04, 4.4225e-04,
            1.0412e-02, 1.7726e-05, 2.1892e-02, 2.9944e-04, 2.8394e-03,
            6.1101e-04, 6.1573e-02, 6.3339e-03, 4.3398e-04, 1.6876e-03,
            1.9988e-03, 1.4318e-02],
           [5.9667e-03, 2.0670e-03, 3.4783e-03, 4.3840e-03, 3.3867e-04,
            1.2836e-03, 6.3710e-04, 3.2069e-04, 3.0596e-04, 8.1634e-04,
            1.8408e-04, 2.5838e-04, 7.3413e-05, 7.9194e-04, 1.4745e-04,
            4.2986e-04, 5.9689e-04, 2.3117e-03, 2.9784e-03, 1.2762e-03,
            1.5497e-03, 7.3195e-04],
           [2.1006e-03, 3.2317e-03, 3.0903e-03, 5.6876e-03, 4.5045e-03,
            1.2493e-02, 1.5536e-03, 2.2981e-04, 1.8191e-03, 6.5680e-03,
            4.1611e-05, 4.7532e-04, 1.9813e-03, 1.8726e-04, 2.8098e-03,
            3.3569e-02, 5.9645e-04, 3.5441e-04, 1.7518e-03, 1.1905e-03,
            2.3525e-03, 1.1867e-04],
           [1.4046e-03, 2.2949e-03, 5.0716e-04, 2.0481e-04, 6.2812e-04,
            1.5580e-03, 1.0352e-03, 7.8790e-04, 1.9682e-04, 7.4108e-06,
            1.5665e-04, 4.7187e-05, 9.9419e-04, 1.1622e-03, 8.6371e-05,
            7.3860e-04, 2.1471e-03, 1.2858e-03, 4.4027e-01, 3.5684e-03,
            9.3445e-03, 6.3227e-03]],

          [[1.7320e-02, 5.2492e-03, 1.2440e-02, 4.4551e-03, 1.8095e-02,
            1.0841e-02, 2.0198e-03, 1.7102e-03, 4.9997e-04, 7.2616e-03,
            3.5616e-03, 1.3623e-03, 7.6796e-03, 3.8458e-03, 2.1974e-03,
            3.6375e-03, 1.7640e-03, 2.8838e-04, 3.8653e-03, 1.8224e-03,
            1.1906e-02, 5.1269e-03],
           [5.3832e-03, 4.3543e-03, 4.2703e-04, 3.1883e-03, 2.2869e-03,
            5.1648e-02, 1.5538e-02, 4.9224e-03, 8.8299e-03, 1.1719e-02,
            1.6321e-03, 8.7968e-03, 2.2029e-03, 5.4168e-03, 2.3055e-03,
            2.7922e-02, 3.6284e-03, 1.1450e-03, 1.5531e-02, 1.0152e-01,
            1.9143e-02, 3.2491e-02],
           [8.1064e-03, 2.2064e-02, 1.4068e-02, 1.1690e-02, 2.6211e-03,
            3.3853e-03, 9.5589e-03, 7.2892e-03, 6.3553e-03, 5.4028e-03,
            9.8995e-04, 4.8258e-03, 7.8045e-03, 8.3051e-04, 1.7725e-03,
            4.9873e-03, 1.5562e-03, 2.2240e-03, 4.0317e-03, 5.1052e-03,
            8.1326e-03, 5.5030e-03],
           [1.7501e-02, 1.0231e-02, 5.3695e-03, 7.9396e-03, 1.0570e-02,
            2.9718e-03, 1.6632e-02, 1.2183e-03, 6.8220e-03, 1.9918e-03,
            1.2789e-02, 1.4349e-03, 1.1455e-03, 8.6961e-04, 4.5330e-04,
            6.2486e-03, 1.1589e-03, 1.0806e-02, 6.6245e-03, 3.9263e-03,
            5.9936e-03, 1.0842e-02],
           [2.4056e-02, 7.6248e-02, 1.8266e-02, 1.5743e-02, 8.9025e-03,
            7.3489e-03, 4.5342e-03, 1.8558e-03, 1.3050e-02, 1.8047e-02,
            3.1267e-03, 2.7870e-02, 7.9563e-04, 9.9208e-03, 7.9890e-03,
            1.3480e-03, 3.2541e-04, 3.4811e-03, 4.5421e-04, 2.9381e-03,
            4.4179e-03, 5.3387e-03]],

          [[1.7271e-03, 3.3811e-03, 5.6826e-03, 3.5318e-03, 9.1593e-03,
            7.8818e-03, 5.0124e-04, 2.3716e-03, 1.4404e-03, 3.7791e-02,
            7.9861e-04, 4.0370e-04, 6.1511e-03, 1.0527e-03, 5.3239e-03,
            2.4688e-03, 1.7733e-02, 2.5607e-03, 1.2549e-02, 1.5453e-03,
            5.5811e-03, 4.8324e-03],
           [2.8860e-03, 3.4834e-04, 2.1589e-04, 5.3953e-04, 6.0509e-03,
            1.3285e-03, 2.2203e-03, 5.9455e-04, 3.7378e-03, 1.7586e-02,
            6.5324e-02, 8.0694e-05, 2.9435e-02, 9.4513e-04, 1.4420e-03,
            4.0927e-03, 1.6530e-02, 3.7097e-03, 8.9145e-04, 2.6119e-02,
            4.6585e-03, 6.6488e-02],
           [1.8089e-03, 2.4841e-03, 5.1140e-03, 9.3380e-03, 2.3547e-04,
            6.5509e-04, 2.0802e-03, 1.0817e-03, 2.1181e-03, 2.9370e-02,
            1.1230e-03, 7.5699e-03, 3.6507e-03, 2.4039e-03, 1.1839e-03,
            1.3099e-02, 1.9767e-03, 3.9507e-03, 7.4548e-03, 2.1477e-03,
            5.0924e-03, 1.0303e-03],
           [1.4311e-03, 2.6641e-03, 1.9261e-03, 4.1540e-03, 2.6701e-03,
            1.0155e-03, 2.2712e-02, 8.9236e-05, 5.5125e-03, 5.1805e-02,
            1.0396e-02, 1.0692e-03, 2.4944e-03, 1.3779e-04, 7.8740e-04,
            2.5943e-01, 4.2704e-04, 3.9629e-03, 2.1454e-03, 1.4137e-03,
            2.4666e-03, 4.4246e-04],
           [3.0204e-03, 5.6372e-02, 3.4359e-03, 2.3112e-03, 1.9431e-03,
            6.4814e-03, 8.0536e-04, 9.4197e-04, 8.5400e-04, 1.5079e-04,
            2.1550e-03, 2.4954e-03, 2.8971e-03, 4.9731e-03, 1.6567e-03,
            3.2526e-03, 5.2761e-04, 1.4014e-03, 7.1675e-03, 7.3314e-04,
            4.3780e-03, 6.9221e-03]]]]], device='cuda:0')